1 74 197 1715 1813
2 285 403 1025 1107
3 502 605 1467 1573
4 730 855 1200 1321
5 225 335 956 1087
6 460 583 1367 1511
7 660 767 1152 1258
8 144 349 1224 1395
9 533 688 895 1048
10 94 214 1568 1708
11 405 546 1002 1139
12 680 825 1289 1440
13 111 295 1559 1688
14 419 585 2068 2195
15 722 882 1298 1430
16 962 1105 1821 1953
17 74 265 2625 2794
18 378 560 3613 3776
19 638 862 2380 2525
20 930 1096 3151 3290
21 1168 1344 2160 2319
22 1437 1600 3375 3514
23 1647 1880 2907 3067
24 43 203 3266 3418
25 413 599 3512 3670
26 735 910 2963 3107
27 1085 1269 2432 2619
28 1432 1576 2061 2237
29 1658 1832 2686 2860
30 112 343 1972 2194
31 470 709 1292 1529
32 821 1030 1623 1822
33 111 357 2567 2736
34 539 715 1653 1814
35 878 1102 2240 2434
36 1243 1428 1947 2091
37 93 287 2770 2904			
38 427 625 3265 3422
39 751 909 2473 2619
40 1029 1182 2997 3127
41 1331 1476 1957 2082
42 1598 1735 2194 2345
43 107 301 2550 2702
44 517 720 2050 2228
45 824 1044 2825 2967
46 1140 1304 1775 1936
47 1405 1564 2312 2468
48 105 300 3750 3910
49 429 614 4061 4217
50 782 969 3152 3303
51 1079 1345 4394 4543
52 1487 1696 2581 2748
53 1824 2032 3433 3587
54 2166 2354 2881 3027
55 66 268 2395 2533
56 400 554 2846 2973
57 659 801 1955 2096
58 874 1000 2605 2729
59 1113 1255 1678 1819
60 1336 1473 2198 2328
61 80 247 2306 2464
62 410 647 1783 1947
63 720 849 2539 2656
64 939 1084 1580 1682
65 1170 1301 2024 2220
66 98 261 2726 2890
67 452 754 3228 3365
68 891 1059 2469 2622
69 1202 1367 2993 3132
70 1508 1664 3488 3687
71 1780 1920 2137 2340
72 103 306 2341 2506
73 508 677 1685 1813
74 815 950 1970 2180
75 1045 1208 1389 1545
76 94 256 2279 2442
77 417 568 1738 1859
78 680 834 2550 2789
79 932 1065 1464 1572
80 1180 1301 1973 2148
81 82 227 1544 1650
82 399 563 1053 1205
83 684 799 1325 1446
84 70 212 1822 1944
85 315 434 1606 1729
86 572 707 2278 2398
87 828 955 1380 1496
88 1044 1084 2037 2152
89 92 266 1727 1909
90 408 559 2394 2535
91 735 902 1406 1552
92 1047 1168 2056 2248
93 88 258 767 908
94 412 572 1036 1187
95 95 245 1478 1611
96 427 603 1152 1297
97 737 986 1770 1975
98 82 245 1249 1384
99 366 515 1508 1655
100 630 768 1013 1146
